 orig_idx  base_beta  n_agents  n  n_extinct  median_last_active_year  max_last_active_year  frac_extinct
     2320      0.050     40000 10         10                 0.559890              0.807666           1.0
     2320      0.050    100000 10         10                 0.861054              1.368925           1.0
     2320      0.050    200000 10         10                 0.789870              0.999316           1.0
     2320      0.050    400000 10         10                 0.924025              1.754962           1.0
     1720      0.076     40000 10         10                 1.118412              2.113621           1.0
     1720      0.076    100000 10         10                 1.583847              6.045175           1.0
     1720      0.076    200000 10          8                 5.329227             10.001369           0.8
     1720      0.076    400000 10          5                 8.915811             10.001369           0.5
     1072      0.107    100000 10          0                10.001369             10.001369           0.0
     1072      0.107    200000 10          0                10.001369             10.001369           0.0
     1072      0.107    400000 10          0                10.001369             10.001369           0.0